function template = Read_Template(number)
% Create templates for cell pattern recognition
%
% Jesus Perez-Ortega March-19

switch(number)
    case 1
    % 1. Simple circle
    template = [0,0,0,0,0,0,0,0,0,0,0,0,0,0,0,0,0,0,0,0;
        0,0,0,0,0,0,0,0,0,0,0,0,0,0,0,0,0,0,0,0;
        0,0,0,0,0,0,0,0,0,0,0,0,0,0,0,0,0,0,0,0;
        0,0,0,0,0,0,0,0,0,0,0,0,0,0,0,0,0,0,0,0;
        0,0,0,0,0,0,0,6,16,22,22,16,6,0,0,0,0,0,0,0;
        0,0,0,0,0,0,13,35,60,77,77,60,35,13,0,0,0,0,0,0;
        0,0,0,0,0,13,44,89,134,160,160,134,89,44,13,0,0,0,0,0;
        0,0,0,0,6,35,89,150,198,220,220,198,150,89,35,6,0,0,0,0;
        0,0,0,0,16,60,134,198,239,252,252,239,198,134,60,16,0,0,0,0;
        0,0,0,0,22,77,160,220,252,255,255,252,220,160,77,22,0,0,0,0;
        0,0,0,0,22,77,160,220,252,255,255,252,220,160,77,22,0,0,0,0;
        0,0,0,0,16,60,134,198,239,252,252,239,198,134,60,16,0,0,0,0;
        0,0,0,0,6,35,89,150,198,220,220,198,150,89,35,6,0,0,0,0;
        0,0,0,0,0,13,44,89,134,160,160,134,89,44,13,0,0,0,0,0;
        0,0,0,0,0,0,13,35,60,77,77,60,35,13,0,0,0,0,0,0;
        0,0,0,0,0,0,0,6,16,22,22,16,6,0,0,0,0,0,0,0;
        0,0,0,0,0,0,0,0,0,0,0,0,0,0,0,0,0,0,0,0;
        0,0,0,0,0,0,0,0,0,0,0,0,0,0,0,0,0,0,0,0;
        0,0,0,0,0,0,0,0,0,0,0,0,0,0,0,0,0,0,0,0;
        0,0,0,0,0,0,0,0,0,0,0,0,0,0,0,0,0,0,0,0];
    
    case 2
    % 2. Ellipsoidal donut, ellipse with center dark
    template = [0,0,0,0,0,0,0,0,0,0,0,0,0,0,0,0,0,0,0,0;
        0,0,0,0,0,0,0,0,0,0,0,0,0,0,0,0,0,0,0,0;
        0,0,0,0,0,0,0,0,0,0,0,0,0,0,0,0,0,0,0,0;
        0,0,0,0,0,0,0,0,0,0,0,0,0,0,0,0,0,0,0,0;
        0,0,0,0,0,0,0,0,0,0,0,0,0,0,0,0,0,0,0,0;
        0,0,0,0,0,0,0,11,31,42,48,42,31,11,0,0,0,0,0,0;
        0,0,0,0,0,0,25,62,96,110,116,110,96,62,25,0,0,0,0,0;
        0,0,0,0,0,25,79,141,184,184,182,184,184,141,79,25,0,0,0,0;
        0,0,0,0,11,67,153,213,213,164,139,164,213,213,153,67,11,0,0,0;
        0,0,0,0,25,104,207,255,213,128,85,128,213,255,207,104,25,0,0,0;
        0,0,0,0,25,104,207,255,213,128,85,128,213,255,207,104,25,0,0,0;
        0,0,0,0,11,67,153,213,213,164,139,164,213,213,153,67,11,0,0,0;
        0,0,0,0,0,25,79,141,184,184,182,184,184,141,79,25,0,0,0,0;
        0,0,0,0,0,0,25,62,96,110,116,110,96,62,25,0,0,0,0,0;
        0,0,0,0,0,0,0,11,31,42,48,42,31,11,0,0,0,0,0,0;
        0,0,0,0,0,0,0,0,0,0,0,0,0,0,0,0,0,0,0,0;
        0,0,0,0,0,0,0,0,0,0,0,0,0,0,0,0,0,0,0,0;
        0,0,0,0,0,0,0,0,0,0,0,0,0,0,0,0,0,0,0,0;
        0,0,0,0,0,0,0,0,0,0,0,0,0,0,0,0,0,0,0,0;
        0,0,0,0,0,0,0,0,0,0,0,0,0,0,0,0,0,0,0,0];
end